100 81 49 90 40 99 40 40 80 68 17 78 68 67 68 85 51 77 80 124 77 31 64 45 88 58 56 39 48 91 27 26 48 48 67 74 96 68 77 27 48 76 57 48 26 76 86 39 88 39 76 76 56 39 66 81 56 66 64 76 56 56 74 73 78 77 77 89 78 78 57 77 77 89 57 68 55 70 78 77 88 78 78 66 57 77 57 70 27 86 78 18 57 40 69 57 69 70 27 77 78 
150 88 45 64 99 69 56 68 91 56 39 56 76 77 67 95 48 62 111 42 58 78 57 91 48 27 78 78 98 68 69 69 49 57 103 33 72 92 57 57 70 70 78 18 57 77 49 57 48 17 17 57 90 68 148 27 68 49 18 88 68 70 78 69 18 78 80 28 63 57 72 70 27 40 27 57 89 49 78 77 57 18 49 99 78 57 86 40 98 89 68 40 70 58 42 58 84 42 41 23 49 
200 64 41 41 33 39 40 28 62 27 55 51 33 51 51 45 56 23 40 40 60 55 45 40 40 56 51 28 32 50 23 45 82 55 60 23 39 55 55 56 51 33 45 49 44 56 33 50 62 23 33 40 56 33 60 39 6 55 51 55 40 6 27 45 63 56 33 33 28 43 27 44 55 60 39 39 51 67 45 50 40 61 55 33 23 51 50 50 44 55 23 16 56 70 32 56 56 55 23 62 44 
250 55 23 70 70 15 63 44 40 84 46 52 80 79 39 33 39 62 51 60 56 40 23 56 56 51 50 50 76 44 44 79 55 33 44 39 56 33 28 55 55 45 27 39 62 70 32 32 40 38 56 40 50 44 51 50 50 28 56 28 55 71 56 44 28 50 39 55 28 51 63 27 33 51 15 50 44 32 62 38 50 50 33 44 56 56 39 32 39 32 61 51 51 59 70 70 97 62 61 79 40 
300 40 10 33 125 44 50 106 23 70 90 62 190 71 62 69 84 128 38 38 111 22 27 101 104 50 51 63 51 91 28 116 44 57 46 57 70 56 39 90 28 79 87 44 62 105 28 62 33 51 45 80 33 56 104 27 28 39 51 89 62 38 103 105 79 28 33 32 98 44 63 39 62 51 71 51 50 28 40 28 95 88 79 33 51 40 23 62 33 28 123 44 33 78 33 56 44 78 57 56 56 
350 51 63 61 45 50 45 23 39 44 68 36 45 39 33 15 39 33 44 78 15 70 39 79 56 47 57 45 32 51 38 44 32 51 63 23 38 51 44 56 44 56 51 71 56 28 60 70 62 33 23 50 56 61 56 51 50 56 56 28 33 61 62 39 28 28 44 56 44 50 32 32 50 44 56 44 62 39 10 69 56 44 40 70 51 56 56 76 44 90 32 55 55 51 50 71 38 44 15 40 56 
400 62 52 55 44 44 44 32 32 51 63 51 38 15 50 52 62 61 44 39 56 61 57 44 40 44 50 49 49 70 51 50 32 44 56 50 56 32 63 63 51 44 39 57 39 63 51 56 38 55 55 40 27 44 15 77 45 44 56 39 63 51 51 56 28 55 39 44 62 33 28 51 44 49 49 33 32 47 32 38 60 44 26 52 67 26 38 38 32 60 67 26 26 52 11 21 32 32 67 21 59 
450 52 52 59 38 32 45 142 38 63 92 51 51 50 15 50 40 40 51 54 83 62 96 70 204 40 71 45 33 40 70 44 45 43 40 33 40 70 124 123 89 55 23 89 40 33 28 51 45 51 207 45 32 79 38 46 51 50 32 89 206 38 62 44 57 40 50 191 39 104 44 40 90 79 33 51 45 39 55 52 39 43 46 28 40 44 28 70 51 126 70 28 62 28 50 32 40 96 51 55 45 
500 40 40 28 70 28 81 33 106 62 51 51 56 70 51 62 44 70 70 192 79 138 79 51 50 44 79 28 56 51 70 56 51 70 131 56 57 41 45 44 122 32 79 71 10 98 89 44 28 63 51 56 78 50 61 45 78 56 45 192 79 33 56 56 70 10 62 28 28 44 33 76 79 56 70 44 44 32 190 62 44 33 44 50 62 56 93 70 133 105 70 97 197 56 10 89 70 45 53 32 70 
550 51 79 39 32 44 59 52 38 52 59 59 52 59 32 59 38 44 32 32 52 44 32 73 44 76 67 44 52 32 59 21 76 38 21 44 52 38 76 38 52 32 68 37 26 32 59 60 59 32 52 44 77 39 52 76 27 44 44 27 55 90 33 114 39 50 32 57 27 45 79 70 56 45 71 56 56 44 55 56 70 62 50 50 56 39 56 51 50 62 70 44 57 23 50 56 50 28 55 52 53 
600 45 63 56 80 79 38 51 90 95 62 95 73 56 33 55 44 79 38 52 62 33 51 39 32 70 51 90 39 79 84 52 51 77 93 44 85 44 93 68 52 59 4 38 52 103 66 76 44 76 67 44 52 32 26 44 39 60 52 44 44 26 44 67 38 26 49 38 60 102 76 26 52 76 86 76 50 43 94 84 38 26 86 26 38 44 52 44 32 39 60 44 52 52 26 32 59 94 38 21 38 
650 60 68 60 51 48 69 102 59 59 59 44 76 38 60 52 52 59 32 59 21 75 59 39 126 32 93 67 85 32 26 26 52 60 38 52 76 52 102 60 118 52 85 52 84 38 32 93 38 38 60 44 32 68 120 59 50 26 67 59 44 52 59 52 44 52 51 94 59 52 93 52 114 59 59 59 59 38 59 32 26 52 85 32 44 39 67 67 38 76 67 64 85 76 75 38 52 44 52 44 44 
700 113 55 50 56 71 50 70 56 73 90 51 32 56 57 63 45 51 56 51 80 56 72 33 56 63 108 71 85 99 51 80 71 80 56 40 51 50 85 128 68 71 87 23 79 97 80 44 23 58 51 50 55 70 44 103 55 15 57 64 70 62 32 39 62 106 55 51 55 46 62 132 96 45 50 44 70 32 51 44 32 57 72 64 55 55 61 44 61 89 62 91 70 63 56 71 23 87 28 62 79 
750 80 80 62 61 96 79 40 123 79 79 55 51 32 90 61 79 79 56 79 50 45 70 80 79 79 62 106 55 50 48 146 56 50 28 63 50 89 70 55 70 105 89 44 87 48 50 70 79 89 70 15 70 28 90 61 79 39 45 56 77 45 96 89 56 63 86 79 70 44 70 79 78 70 70 79 56 79 51 33 50 56 70 79 63 97 70 51 44 56 77 85 44 32 87 60 103 44 76 26 84 
800 68 52 32 39 67 85 52 60 52 52 67 122 67 44 94 59 26 39 32 53 67 21 44 73 68 32 76 38 45 158 108 55 63 64 46 50 40 72 55 71 79 44 72 70 71 52 71 56 71 45 63 56 27 61 65 60 67 21 8 52 78 52 32 60 45 67 52 45 61 87 21 38 38 16 96 50 62 32 79 70 97 70 63 63 70 56 51 50 63 56 66 52 27 39 27 52 44 68 60 39 
850 106 80 43 97 62 45 50 50 90 50 79 105 50 96 70 79 96 50 44 62 56 89 62 50 15 44 90 97 15 89 62 61 94 62 38 106 115 56 63 40 44 76 68 60 116 28 128 95 89 79 70 95 32 98 89 51 28 40 55 55 44 45 79 56 56 89 50 62 87 79 78 44 96 51 55 85 51 33 79 39 89 89 45 45 62 50 50 50 60 61 56 55 77 44 62 115 50 44 63 56 
900 55 79 28 62 62 46 44 45 38 68 85 39 45 59 52 111 52 26 51 52 84 120 39 58 190 198 67 32 111 76 85 102 67 26 20 67 67 76 44 121 67 102 76 111 67 38 67 197 131 87 115 51 56 80 38 106 62 89 99 70 56 64 234 23 96 89 56 23 33 80 71 58 90 53 195 115 51 28 80 55 125 62 67 46 44 92 107 56 51 39 90 96 28 51 70 79 97 71 74 56 
950 125 51 50 79 70 79 82 62 61 72 23 115 51 55 55 51 70 28 51 49 70 123 62 79 134 63 70 45 56 44 48 97 89 28 63 56 71 97 106 56 123 51 39 55 44 70 79 96 70 39 79 79 56 51 70 90 23 50 55 28 62 133 79 70 70 80 62 44 40 106 70 62 70 79 70 96 63 99 78 44 70 56 125 51 45 62 90 56 87 70 70 87 51 69 80 79 96 61 62 50 
1000 61 79 61 62 57 32 44 85 44 111 76 67 59 85 111 76 39 52 118 32 44 26 86 58 55 94 32 76 103 39 52 44 68 85 42 44 113 59 60 32 59 52 52 112 137 42 52 40 98 81 51 202 46 70 106 56 80 89 39 52 50 63 37 39 56 44 90 51 80 71 81 118 51 108 73 65 66 57 39 81 63 126 63 51 71 70 62 79 28 116 86 70 62 62 52 50 51 106 51 90 
1050 87 62 28 87 79 70 51 62 33 55 79 70 89 45 56 49 70 89 79 33 56 63 70 39 56 45 79 78 77 50 62 55 50 55 55 96 79 105 124 70 70 33 121 70 63 89 33 105 70 62 51 90 56 32 40 96 59 80 105 44 44 70 56 15 44 63 138 70 79 56 70 91 105 45 87 67 11 32 111 32 59 44 32 16 44 85 52 76 128 52 76 52 44 102 84 44 84 84 59 32 
1100 49 76 67 32 76 52 84 39 84 84 68 102 26 52 101 118 93 102 67 67 67 76 44 52 67 85 38 38 52 117 38 52 85 76 75 59 59 32 59 38 76 68 94 76 73 94 75 45 107 54 106 28 71 81 62 96 70 111 28 55 55 51 62 62 98 45 50 64 97 56 90 44 63 28 55 80 71 33 80 63 79 33 63 50 97 90 39 80 57 39 107 71 51 71 79 79 45 71 70 70 
1150 80 96 56 124 89 70 10 76 62 89 124 62 44 132 50 190 90 89 105 79 55 79 115 105 70 105 70 70 55 70 71 56 79 56 70 90 125 79 123 70 62 56 115 51 50 79 15 78 62 50 57 79 70 70 90 44 50 130 89 106 123 45 124 79 70 51 124 105 101 79 89 79 70 39 56 106 95 40 79 61 40 70 121 123 70 89 89 63 79 79 70 62 56 97 69 102 76 26 44 85 
1200 62 61 28 106 44 70 70 209 61 67 68 67 128 67 85 67 59 84 84 84 52 52 44 60 68 190 32 85 50 92 46 97 91 92 70 51 63 71 87 15 63 90 143 117 38 62 57 55 45 90 90 89 71 71 80 80 126 71 72 110 191 91 81 71 15 56 51 66 96 62 39 80 28 123 71 62 70 39 79 71 45 50 56 67 95 8 39 60 77 60 190 27 68 85 39 197 70 96 105 56 
1250 133 62 105 79 56 90 45 88 96 106 89 124 62 50 39 60 62 106 70 55 190 44 62 39 85 128 93 76 75 67 76 52 52 85 67 72 111 76 44 44 85 26 21 44 52 76 26 52 51 84 32 84 89 39 111 44 11 44 21 67 201 112 60 52 111 67 87 110 85 44 76 52 84 59 76 60 32 111 85 75 44 94 102 67 21 67 32 93 60 68 52 21 102 128 72 38 85 93 52 102 
1300 45 67 106 59 44 52 68 59 102 44 68 59 21 32 52 59 74 108 70 90 62 52 61 51 51 80 32 97 28 51 71 91 71 40 51 57 55 61 44 61 70 55 56 23 71 80 79 45 57 86 98 40 91 102 91 89 70 125 89 61 98 90 70 91 45 63 56 71 39 88 81 52 39 32 71 32 95 56 40 80 79 40 115 44 62 70 51 96 90 70 70 72 89 61 80 80 45 56 63 63 
1350 63 70 70 62 62 106 62 79 53 62 90 79 87 79 44 56 71 10 48 44 40 50 50 55 55 39 67 52 60 103 76 67 52 32 38 52 60 52 44 85 44 67 78 70 79 62 45 48 76 39 103 67 39 60 76 59 102 44 38 76 44 44 76 93 59 32 93 76 59 38 112 59 64 102 44 93 76 38 68 52 67 32 60 39 38 67 44 60 100 26 76 44 21 44 85 76 52 38 45 44 
1400 94 44 120 60 44 94 52 68 76 102 44 68 76 52 67 38 109 105 57 106 52 90 23 41 52 40 53 87 85 99 102 60 97 57 116 32 63 97 79 56 72 81 57 64 57 28 60 43 98 52 46 63 75 23 100 148 55 72 56 81 97 56 51 50 106 79 51 91 57 85 33 106 80 63 90 70 116 44 32 105 51 71 70 95 79 90 62 63 97 106 51 96 116 45 72 89 90 141 63 71 
1450 70 56 96 62 124 246 96 63 56 90 70 62 33 203 40 89 222 89 79 96 52 195 88 51 70 56 140 62 132 78 89 96 105 96 56 105 62 95 45 70 39 132 70 80 56 79 116 62 52 56 56 46 135 105 89 79 71 98 50 219 32 55 89 132 246 70 105 63 79 70 70 62 88 70 115 201 56 89 105 124 51 96 269 60 68 59 52 52 59 112 119 292 61 80 90 44 117 133 72 71 
1500 202 62 39 132 88 96 55 79 70 62 206 96 56 224 115 79 62 90 89 28 79 129 212 46 90 230 105 212 87 78 79 89 62 70 62 70 62 79 70 79 79 57 112 124 56 52 115 115 56 199 139 44 66 97 50 90 70 86 51 50 89 89 56 87 44 86 70 55 63 56 56 192 63 44 89 70 106 63 64 70 44 39 63 63 209 39 44 44 125 124 89 101 128 216 93 76 67 102 85 38 
1550 45 213 133 105 215 235 223 220 32 40 44 56 124 133 56 50 27 50 132 56 35 60 198 216 88 96 58 245 65 72 245 97 51 203 202 23 80 252 115 124 96 95 51 191 132 76 34 61 74 51 103 89 199 90 33 137 39 124 201 28 96 116 125 124 70 70 250 191 56 63 244 136 63 206 255 244 51 46 70 68 253 44 76 26 39 198 199 32 112 38 209 203 45 106 255 92 121 190 27 110 
1600 92 99 62 45 88 58 39 62 87 70 51 62 89 56 96 71 44 79 97 123 78 79 79 70 51 123 122 79 106 32 44 56 127 44 129 93 102 31 91 59 60 39 68 94 44 94 84 59 52 94 76 44 52 67 102 120 59 93 73 102 93 76 44 76 84 67 67 59 103 76 85 76 77 44 38 103 59 38 53 117 52 64 90 46 98 68 91 62 80 114 90 124 70 57 51 80 38 89 83 52 
1650 45 116 105 79 62 61 82 70 45 125 45 96 132 44 15 50 63 115 50 124 62 90 79 10 87 44 79 56 39 89 56 55 55 106 69 124 79 63 50 55 40 124 51 63 105 96 70 106 132 124 115 79 70 55 51 106 62 115 86 79 132 51 115 61 88 70 62 91 83 70 115 114 70 51 56 55 62 56 32 79 56 90 61 87 111 70 80 52 115 55 51 190 105 133 64 45 115 96 39 70 
1700 60 76 32 217 52 93 60 76 59 59 44 32 198 59 59 67 85 68 213 32 111 44 128 207 60 198 52 61 86 125 106 191 236 56 62 96 118 46 79 33 39 116 64 80 51 45 124 216 77 96 52 101 72 56 206 70 51 106 56 80 54 106 63 51 57 79 259 57 45 50 80 56 116 78 73 128 40 70 70 71 219 62 239 193 209 96 201 244 125 132 62 55 51 61 56 55 211 64 77 107 
1750 53 68 85 60 59 52 59 85 52 94 52 67 38 60 52 94 77 75 67 52 76 67 59 59 72 52 26 32 76 52 75 59 67 67 59 85 44 52 21 44 60 101 93 76 60 26 59 59 44 44 60 112 44 94 26 67 44 39 57 67 59 67 67 52 60 59 44 76 120 67 94 76 80 67 44 44 93 67 60 52 76 67 52 67 44 190 89 38 38 52 111 52 78 62 60 76 75 85 52 52 
1800 98 78 89 115 133 197 45 56 63 143 105 78 70 96 106 132 95 98 57 28 132 62 195 115 79 204 190 96 89 55 87 97 115 96 79 121 23 96 89 105 97 50 132 115 105 90 96 89 51 87 23 79 23 89 44 79 96 62 50 79 94 32 67 26 39 95 111 102 26 93 76 93 38 111 107 101 26 93 101 32 76 120 76 102 85 52 8 100 94 44 111 102 52 85 93 76 75 85 94 108 
1850 33 39 76 75 93 120 76 93 59 44 38 76 84 93 68 52 76 52 60 59 59 85 93 102 85 75 102 39 101 84 38 76 38 38 60 94 59 76 38 75 64 51 93 76 93 44 52 60 21 59 85 93 39 85 52 92 52 93 52 76 21 52 93 93 141 72 81 62 90 70 63 79 51 96 62 63 116 63 90 40 79 51 107 59 85 60 94 52 52 45 45 68 85 102 68 61 53 80 38 39 
1900 80 115 70 41 135 49 39 62 70 45 106 114 201 115 90 50 70 96 62 99 190 89 79 98 106 70 70 209 79 62 79 56 51 55 61 90 39 65 87 115 124 105 133 105 89 89 96 33 61 33 115 105 44 32 70 124 96 79 70 51 141 186 51 70 39 89 115 89 114 44 70 102 55 62 132 132 70 70 70 61 28 90 70 55 62 76 133 96 56 63 192 125 97 70 70 61 63 56 218 79 
1950 130 78 151 40 56 116 132 124 127 107 116 62 70 125 98 71 90 80 33 193 63 71 62 44 63 57 92 198 45 98 79 80 63 125 52 104 62 63 89 126 125 79 116 51 97 62 113 97 107 81 97 89 39 98 80 70 97 80 78 116 70 55 96 124 23 70 91 89 70 132 70 135 98 40 27 10 70 89 106 97 89 89 77 67 32 102 112 129 86 94 59 45 130 95 55 63 101 116 56 39 
2000 62 125 96 28 56 90 99 89 104 62 70 63 68 99 70 56 79 115 96 55 33 79 63 51 96 70 50 45 106 44 79 62 105 79 63 62 45 44 96 102 124 63 28 70 56 115 63 61 105 89 89 62 94 96 115 70 33 63 97 62 71 51 106 79 39 71 45 68 44 52 60 39 77 52 77 60 51 168 56 71 106 96 55 126 46 51 70 90 90 44 63 71 80 112 76 112 60 44 85 85 
2050 51 56 96 63 79 79 106 70 80 79 57 55 70 55 79 79 79 106 62 61 70 62 85 51 56 70 45 28 79 45 79 38 107 56 79 56 27 77 95 51 56 90 70 55 44 62 51 70 87 62 79 56 55 62 46 32 79 55 70 51 70 63 61 50 60 106 55 133 39 63 89 89 55 44 89 56 61 56 88 56 62 79 81 61 55 61 63 50 89 70 51 62 70 43 50 56 97 63 79 80 
2100 129 102 52 60 86 101 76 67 59 76 59 38 68 26 59 102 26 76 21 38 60 120 84 153 60 198 44 190 39 76 52 68 206 67 52 60 129 76 45 53 120 39 130 111 71 66 39 116 70 38 93 80 51 44 70 90 71 115 86 79 55 62 58 81 80 90 106 51 56 201 32 75 109 70 107 51 58 39 55 71 71 79 89 80 78 80 39 193 44 56 90 80 80 105 90 139 106 33 63 90 
2150 79 106 97 63 23 79 62 39 90 89 125 69 70 62 33 62 90 63 80 70 63 70 71 79 79 79 62 71 89 50 51 62 32 90 79 28 70 89 96 62 88 62 79 87 97 79 55 79 71 70 79 56 56 55 62 106 70 89 89 70 63 70 50 89 70 56 89 40 56 96 116 63 79 115 79 96 62 99 62 102 59 93 59 93 93 67 88 79 63 79 70 62 56 104 56 61 87 70 55 70 
2200 97 198 106 115 102 62 133 187 116 124 70 40 132 138 105 123 115 79 81 200 45 56 32 50 84 90 134 33 105 44 210 79 96 62 84 125 79 195 132 96 95 115 78 204 133 188 89 106 45 57 107 89 94 70 133 62 38 96 39 190 62 124 70 138 111 93 67 128 76 147 139 96 125 89 89 70 132 45 70 133 79 97 89 139 128 128 93 112 110 67 39 112 92 115 124 70 70 96 105 123 
2250 94 93 32 76 60 59 102 93 93 84 93 32 101 68 67 85 85 101 52 60 101 59 93 38 84 38 102 111 67 76 38 39 103 104 238 90 100 51 57 214 97 90 217 96 89 116 96 97 256 45 90 76 80 72 207 126 92 116 91 46 105 108 79 106 71 135 116 97 90 89 90 87 124 92 70 244 46 50 70 64 70 62 66 80 116 72 80 70 97 56 106 98 71 72 110 67 85 111 77 110 
2300 87 190 201 96 56 212 106 194 78 78 70 201 96 106 124 45 115 97 124 96 99 33 89 133 187 79 203 124 125 133 51 133 188 186 133 79 84 206 190 79 105 190 96 70 210 130 198 191 132 115 134 40 76 112 60 76 170 29 97 198 111 91 98 133 96 118 125 202 94 106 206 98 127 64 195 125 112 68 102 122 76 102 94 86 102 198 71 62 192 115 134 71 52 97 134 82 96 124 116 64 
2350 120 39 45 111 52 93 102 208 190 93 76 93 44 67 129 93 52 73 44 44 44 128 76 230 68 52 111 52 102 55 85 93 67 76 59 44 16 21 76 67 129 52 38 60 44 107 38 52 101 76 52 102 76 44 85 52 52 32 111 57 93 39 190 103 84 190 60 76 32 100 44 32 102 67 32 76 190 76 198 44 52 83 85 32 52 52 93 38 52 111 110 85 67 93 44 120 32 39 94 21 
2400 98 70 79 63 104 70 79 97 79 63 51 60 62 125 96 63 50 91 133 96 105 56 70 63 90 90 119 105 87 90 115 79 81 96 55 79 40 56 56 62 71 62 54 79 133 96 124 191 133 96 79 77 116 89 89 62 87 79 116 62 79 70 70 77 76 120 76 44 85 67 39 94 44 76 75 85 84 79 79 63 90 89 61 61 87 88 97 115 120 76 85 111 110 59 76 52 26 85 38 76 
2450 23 138 96 56 115 96 79 124 115 115 44 141 51 96 133 186 124 50 192 100 119 115 123 79 106 70 151 102 106 103 111 123 115 109 115 198 72 118 45 62 80 63 55 125 99 63 91 81 45 72 97 101 70 28 108 91 105 90 56 73 88 133 104 116 71 89 97 62 46 23 125 116 125 130 106 96 192 80 90 89 117 46 98 102 85 94 52 32 52 112 26 76 128 129 77 45 51 125 62 106 
2500 62 70 63 45 79 70 87 80 90 70 70 51 51 79 70 70 45 70 106 79 112 63 96 61 121 70 45 90 105 122 62 65 79 90 70 51 70 79 55 70 70 70 89 55 71 98 79 70 79 79 56 28 70 96 106 40 79 51 90 111 83 136 89 97 115 96 44 50 79 90 62 88 79 79 45 62 61 80 66 92 90 71 88 70 56 80 81 80 139 51 80 63 80 80 82 71 98 51 69 78 
2550 96 44 124 103 70 133 56 106 79 70 51 56 244 232 115 79 105 141 90 115 78 143 56 46 81 106 52 96 96 96 257 86 99 105 50 88 51 56 132 70 51 62 97 56 114 79 89 223 62 27 98 113 70 51 128 79 62 32 79 113 219 56 115 256 133 103 89 51 56 244 123 97 67 67 59 44 111 44 60 110 59 85 59 52 102 138 45 62 51 80 211 89 97 56 56 56 233 68 67 112 
2600 40 51 81 98 117 123 45 71 45 80 79 90 62 98 71 117 116 98 96 64 40 119 52 71 117 57 124 114 56 81 63 43 106 63 105 80 71 71 106 62 86 56 106 105 70 125 97 116 90 63 62 98 62 88 97 63 98 119 89 117 124 81 102 55 62 117 90 97 62 71 107 80 134 77 70 106 79 56 71 56 106 45 115 63 50 115 113 51 106 79 63 44 90 72 115 80 32 80 51 128 
2650 38 105 70 62 70 70 79 70 75 51 95 119 115 95 62 70 79 51 79 62 56 108 44 70 43 125 96 96 115 79 56 89 62 53 44 52 86 44 60 111 129 76 52 68 44 110 112 44 71 88 99 70 70 62 102 118 32 70 107 88 91 97 91 122 90 57 71 51 71 70 88 82 56 134 79 51 45 56 56 80 71 90 52 70 44 71 97 90 119 71 64 80 70 80 90 28 89 45 104 57 
2700 116 115 106 70 70 70 56 55 51 122 119 70 115 89 62 62 56 101 70 51 89 115 89 79 87 79 97 79 84 79 97 70 70 63 39 63 115 115 62 62 70 62 11 63 45 51 60 44 79 71 96 190 70 55 55 79 67 55 70 40 115 96 55 44 90 105 80 89 131 62 96 79 80 90 70 62 89 61 70 45 44 50 63 96 116 55 105 95 89 70 55 97 95 70 85 93 67 52 12 111 
2750 70 97 51 206 79 70 79 117 32 235 96 64 71 321 287 255 99 95 48 61 91 80 82 62 81 98 125 106 64 51 75 57 44 80 126 64 97 98 56 90 72 117 88 71 81 62 97 106 57 45 56 116 51 52 56 122 198 97 51 98 106 118 80 71 97 81 198 57 241 90 56 199 89 80 79 98 44 97 97 71 39 107 116 97 73 86 235 94 68 103 126 124 106 39 78 69 77 61 68 95 
2800 67 67 32 86 111 57 93 59 44 59 76 85 102 59 67 94 67 93 98 67 85 93 190 39 114 117 45 79 90 55 106 96 113 115 51 71 96 97 192 98 96 99 62 56 51 71 71 33 105 51 107 39 63 52 106 91 98 62 88 106 81 72 90 81 114 216 116 96 89 79 51 62 97 39 98 51 79 52 80 28 87 71 46 107 70 106 71 216 60 111 60 53 95 60 87 86 60 60 76 76 
2850 125 207 70 80 62 115 89 105 115 105 80 140 124 89 98 194 56 56 224 199 211 190 105 124 62 89 50 44 106 96 80 96 50 197 79 113 63 133 96 39 106 62 124 70 105 62 50 133 70 33 61 131 105 105 192 50 193 97 123 106 96 123 105 79 62 71 90 219 75 105 63 91 134 62 125 117 134 96 202 53 60 93 52 191 77 121 94 68 225 70 107 115 125 89 124 115 235 94 59 86 
2900 103 111 84 67 101 94 76 77 52 93 59 93 76 26 111 76 81 120 52 51 76 102 52 60 67 85 52 93 101 72 76 67 93 44 52 67 111 93 68 102 128 44 81 75 52 60 52 76 26 93 67 67 67 85 67 93 89 84 84 84 76 59 59 111 52 102 59 120 67 107 93 59 111 85 76 44 38 76 84 76 93 99 76 93 84 32 102 101 76 52 93 93 59 107 67 52 85 93 76 75 
2950 60 59 121 200 76 60 52 94 93 52 190 120 76 121 89 84 52 68 94 44 102 67 67 111 128 44 194 21 94 60 76 75 85 39 52 103 78 59 119 60 85 67 102 93 68 67 101 85 102 128 116 52 67 198 52 120 93 59 111 52 68 106 39 76 85 93 102 101 32 101 93 60 59 57 68 111 101 85 67 190 102 102 76 59 72 67 94 44 93 26 101 93 85 76 38 68 44 85 116 76 
3000 129 217 129 85 68 84 88 85 60 68 216 52 52 76 59 94 102 89 121 52 60 119 120 59 76 198 93 203 45 67 38 190 121 76 52 53 76 76 76 85 53 129 217 60 69 103 39 67 60 135 77 207 120 85 45 60 111 207 397 103 77 120 104 192 67 76 85 130 85 93 86 121 76 111 116 77 52 52 45 85 246 102 76 76 60 38 107 200 59 130 112 112 52 121 85 45 37 86 94 209 
3050 27 67 102 60 59 128 128 52 190 120 216 67 111 83 102 101 101 84 234 59 234 126 198 32 190 198 85 52 112 195 39 60 52 120 101 111 198 194 128 110 76 93 76 85 59 76 60 93 194 84 216 110 102 93 76 76 85 100 52 111 59 85 60 52 84 110 93 59 121 108 52 60 60 52 120 200 129 76 85 84 118 111 52 68 198 121 128 76 102 99 86 104 76 61 40 59 208 208 225 68 
3100 39 102 93 111 206 52 85 93 93 76 67 76 67 44 93 120 106 119 119 76 93 111 226 32 32 102 195 102 101 207 44 216 94 98 76 121 93 52 102 94 60 199 122 126 234 85 102 44 60 102 99 12 205 32 102 111 121 128 68 199 77 45 126 190 191 60 190 102 102 134 32 218 68 68 68 67 85 68 111 69 117 190 85 77 214 102 128 85 199 102 121 94 120 194 221 85 121 112 85 60 
3150 53 85 52 102 120 93 76 60 67 52 68 66 44 32 76 93 198 60 76 67 67 67 111 86 52 85 120 52 94 76 86 85 67 103 93 127 77 60 103 67 86 94 85 85 32 93 85 66 113 76 76 52 33 120 103 39 60 95 69 68 68 59 113 76 67 76 85 39 45 52 76 111 67 67 82 45 60 94 67 67 85 68 67 86 59 44 39 69 103 99 52 102 121 103 85 52 111 38 86 94 
3200 53 77 135 45 77 45 190 116 131 95 44 61 33 44 105 76 76 52 86 190 86 45 21 113 102 118 200 87 62 94 130 96 46 95 215 121 60 103 112 77 95 68 61 89 211 190 121 68 27 129 129 68 78 86 101 78 77 112 102 45 94 94 77 85 68 99 60 68 111 53 93 102 102 45 111 45 94 108 84 76 121 94 87 86 76 122 76 196 32 45 52 77 112 102 101 26 38 121 217 116 
3250 102 52 101 120 121 59 102 128 52 67 120 119 93 126 102 86 111 59 102 76 85 67 101 76 129 134 69 133 150 36 114 77 200 96 16 199 68 85 60 60 60 59 113 54 33 45 28 11 46 86 69 132 67 100 123 213 112 32 106 125 102 122 130 95 87 69 123 100 95 191 46 122 60 95 209 60 96 77 94 68 94 16 112 94 76 103 52 112 100 76 61 86 67 112 68 86 52 85 85 93 
3300 85 93 102 84 76 84 93 84 76 112 226 85 60 199 67 121 60 67 208 85 85 77 68 77 61 67 104 217 102 76 93 103 85 95 112 39 38 112 119 101 68 95 33 85 68 67 123 99 94 129 77 45 94 93 190 76 60 65 61 60 76 103 94 93 94 216 96 130 119 114 73 85 115 97 219 68 86 69 39 45 27 94 123 103 227 95 127 104 8 191 95 38 94 85 102 102 94 118 45 68 
3350 102 210 101 261 60 111 52 76 85 67 108 68 60 67 67 111 52 94 111 39 26 76 60 90 103 94 111 52 85 52 52 52 120 85 112 99 252 306 103 190 60 57 76 59 76 85 39 131 68 67 77 75 121 60 64 39 103 217 39 101 32 94 85 101 76 231 112 85 192 85 94 111 93 53 58 120 87 77 85 52 279 102 111 197 93 53 190 77 94 21 112 85 85 51 94 67 61 68 306 122 
3400 67 68 60 59 129 60 68 85 52 85 94 76 101 70 102 93 53 103 86 77 84 102 76 77 82 46 86 39 96 69 103 45 60 52 77 26 61 67 112 82 39 60 76 60 59 86 131 45 121 85 52 68 59 77 67 44 86 52 85 94 86 52 68 45 60 68 108 94 102 68 67 200 103 61 85 121 125 60 44 68 86 76 85 52 113 45 77 94 86 136 52 86 39 33 129 85 61 76 121 60 
3450 77 94 96 93 99 116 73 99 75 60 83 77 64 109 111 45 77 61 60 69 87 130 53 61 77 61 33 32 85 102 73 64 110 96 150 88 141 87 75 69 47 68 114 68 149 103 59 87 87 121 88 79 105 70 68 92 41 61 39 40 61 94 82 72 91 61 53 119 68 112 123 96 53 95 102 61 116 61 103 81 91 81 89 111 51 64 41 73 71 86 101 51 57 72 91 90 56 88 51 130 
3500 85 39 121 93 45 112 123 136 133 62 57 81 90 97 106 80 56 78 210 112 86 68 77 103 111 52 86 118 80 70 97 57 119 94 129 82 97 111 57 135 115 117 126 102 109 88 58 112 74 126 67 125 85 33 111 83 195 109 113 60 53 45 87 39 151 45 86 39 135 169 78 116 73 140 130 61 69 77 68 79 52 122 192 122 76 94 79 86 78 122 123 68 93 77 45 86 86 39 76 86 
3550 69 130 77 102 77 129 60 85 137 113 105 98 96 116 144 64 65 116 226 66 144 44 85 110 85 55 113 72 82 91 96 104 54 76 62 85 121 33 96 115 119 58 121 222 140 76 144 111 83 114 118 115 129 52 195 72 194 88 63 106 57 72 50 72 127 107 64 97 80 109 126 133 98 66 106 148 68 77 109 87 117 59 207 72 148 80 97 154 105 69 129 60 73 126 71 92 257 136 97 151 
3600 27 111 85 68 94 76 52 112 102 107 44 109 114 86 106 86 85 86 78 130 112 39 140 77 103 60 121 53 69 113 39 131 60 67 32 95 190 85 79 95 98 114 109 98 86 192 130 68 68 104 102 33 86 77 79 60 12 117 94 103 120 108 117 65 110 112 262 68 83 81 55 60 91 229 97 101 67 159 75 117 117 100 114 223 158 110 135 45 97 90 39 116 122 127 129 132 232 124 135 109 
3650 80 71 80 39 96 64 125 211 80 80 80 70 91 99 62 46 56 56 63 70 114 80 98 124 71 133 56 115 190 94 211 71 63 71 133 62 97 71 62 50 70 134 80 90 45 62 98 80 70 124 97 88 79 127 44 106 51 106 76 33 90 117 70 28 82 88 51 79 90 64 80 88 79 72 63 89 96 41 63 81 99 124 80 107 62 57 55 61 51 61 88 71 56 90 92 81 88 87 33 97 
3700 53 108 118 63 92 92 215 119 149 72 83 83 70 80 117 63 98 199 126 90 107 116 64 70 80 63 90 82 199 62 134 97 64 99 80 62 102 59 107 148 68 80 88 91 116 63 97 91 65 71 82 81 62 117 65 71 51 90 62 133 97 70 65 98 39 107 126 116 96 56 90 99 116 95 71 71 124 129 31 96 87 122 54 67 86 89 88 8 88 89 87 124 138 136 128 209 105 149 65 51 
3750 221 241 93 71 79 66 97 40 128 72 204 250 76 57 103 202 87 45 111 137 112 61 99 101 93 83 120 137 115 112 117 74 69 107 108 73 138 97 82 69 125 102 196 138 102 218 125 125 143 154 71 137 115 150 116 94 226 91 78 58 153 136 294 135 287 156 27 121 121 263 88 57 133 305 151 258 270 135 106 122 74 52 303 145 134 74 88 142 106 98 59 80 63 104 128 71 57 228 106 195 
3800 112 76 111 198 59 128 251 102 52 85 102 52 216 120 59 85 117 234 67 93 102 93 101 128 39 125 85 111 32 59 102 120 243 121 134 226 129 93 76 102 227 72 120 111 44 68 59 227 59 192 52 90 102 76 254 93 52 85 111 67 85 107 254 193 128 52 120 102 101 129 102 119 192 102 85 52 129 74 85 102 93 120 111 94 120 77 120 72 234 102 102 128 121 129 101 127 102 67 103 76 
3850 121 59 59 100 85 85 261 84 119 101 67 111 91 44 67 76 94 76 102 45 198 77 112 116 93 60 85 103 102 85 94 52 113 94 82 93 130 133 108 120 87 131 48 254 126 133 126 98 63 110 39 90 92 245 62 52 72 56 116 98 71 70 81 82 67 109 62 91 117 116 45 245 149 97 63 71 71 91 70 71 125 80 91 46 88 133 90 116 97 106 91 102 99 114 23 45 106 80 96 90 
3900 63 71 133 44 98 79 89 113 97 107 106 105 54 115 132 73 71 109 203 72 52 71 72 89 80 39 88 80 88 59 81 45 117 83 90 108 91 80 56 116 202 55 65 106 56 45 204 70 90 104 64 80 106 133 135 123 112 68 87 60 79 91 85 86 77 69 38 86 69 122 52 77 80 67 69 69 120 68 40 45 39 95 60 39 87 59 96 44 69 32 61 68 67 60 86 96 83 97 97 90 
3950 94 102 67 101 120 201 207 51 115 79 96 106 95 89 226 70 96 89 70 87 105 96 62 79 109 74 74 41 141 42 110 123 95 117 107 116 69 104 237 123 87 68 69 122 116 45 130 61 116 68 76 103 77 76 68 110 61 87 69 33 120 33 32 112 60 68 21 112 119 84 21 52 124 86 60 78 52 69 88 78 86 108 256 123 102 102 95 103 70 144 76 78 110 75 53 101 97 117 63 81 
4000 80 119 115 97 64 57 96 44 79 72 125 116 118 106 71 90 51 107 71 70 91 98 57 71 62 62 63 132 101 125 81 143 148 132 93 107 136 80 97 137 133 106 106 118 88 84 72 69 106 108 135 44 103 138 55 56 59 114 76 140 109 127 99 106 60 77 117 87 166 136 216 188 100 105 104 160 76 199 129 115 150 69 125 45 112 78 135 69 44 70 106 104 97 121 132 8 120 84 68 45 
4050 86 128 67 120 120 76 93 120 102 93 59 93 101 76 101 195 111 110 76 93 85 111 110 203 76 85 93 110 67 67 52 102 84 52 111 81 93 86 38 68 93 120 85 119 128 39 107 120 44 102 111 207 76 102 52 120 109 60 67 120 102 32 5 52 38 45 226 52 111 107 67 44 98 120 81 134 219 141 134 69 60 67 209 76 112 67 67 68 93 60 94 85 52 76 136 86 311 81 278 94 
4100 39 102 111 93 198 32 198 216 93 134 85 26 39 32 38 76 128 119 59 67 67 102 60 215 85 130 76 75 85 84 102 44 94 66 93 93 38 60 190 93 101 120 76 38 60 128 76 59 111 216 76 76 190 91 60 217 45 216 190 60 69 95 121 68 60 198 44 52 60 111 111 59 94 197 52 102 103 86 39 77 69 38 67 52 60 53 53 61 131 52 52 120 85 60 84 53 85 134 140 101 
4150 88 85 84 113 60 94 208 85 192 68 103 74 53 191 199 86 40 52 52 122 76 53 82 104 103 21 95 102 77 112 69 112 85 214 102 67 191 218 86 201 61 68 76 190 86 45 69 84 40 68 76 216 59 113 131 77 111 61 111 77 103 136 61 45 86 122 95 114 104 16 79 69 45 82 60 77 86 218 190 103 59 93 123 86 112 60 130 189 76 198 94 60 59 77 94 60 198 76 68 199 
4200 61 52 103 94 59 111 216 68 190 111 60 110 102 200 76 94 93 59 198 21 190 45 77 74 93 103 207 120 84 119 69 102 134 84 128 39 52 67 85 84 84 76 120 213 68 38 129 76 85 111 77 76 52 129 111 76 45 52 120 76 76 67 85 120 120 125 94 44 128 198 60 102 84 52 68 212 67 52 44 44 199 32 52 94 44 128 60 73 39 76 76 93 85 38 76 67 217 67 118 67 
4250 102 191 39 102 141 93 102 85 94 61 210 94 53 111 118 94 191 129 200 45 39 39 85 141 86 103 120 103 68 105 122 111 86 103 86 120 120 113 86 199 199 75 67 103 60 112 227 190 16 120 107 219 199 85 76 111 44 103 200 77 104 95 77 77 69 59 113 54 102 92 77 76 60 61 102 102 104 190 76 68 108 129 86 76 218 111 94 52 32 52 99 102 129 84 84 21 69 114 85 67 
4300 67 120 111 85 102 76 101 120 111 26 59 52 101 101 93 85 84 60 52 102 109 52 102 93 120 131 77 113 39 87 129 116 60 112 86 111 68 67 85 112 102 76 109 212 68 53 67 39 67 103 77 60 61 67 127 68 78 77 68 111 104 209 60 109 94 95 68 191 53 208 77 206 85 60 124 80 135 96 90 50 119 71 117 76 217 95 68 52 111 85 61 120 110 52 76 67 76 39 76 53 
4350 76 85 190 124 93 216 93 60 110 111 39 102 120 119 128 234 38 103 38 52 51 60 94 102 93 190 101 120 111 44 85 84 190 44 120 111 60 119 49 67 120 245 85 60 76 111 59 214 85 52 120 93 45 45 45 52 94 60 85 95 108 93 129 85 60 190 59 94 208 46 130 52 128 201 53 95 77 105 44 215 128 103 103 53 78 97 121 85 205 78 120 52 122 190 93 60 93 212 113 85 
4400 68 60 123 26 128 76 111 76 44 76 52 85 226 116 76 16 44 129 76 102 67 93 67 207 36 67 59 102 67 85 111 120 102 52 94 86 97 60 102 52 93 85 84 67 94 67 85 129 67 59 128 67 67 111 120 85 129 93 134 26 67 32 216 59 198 67 85 67 60 44 135 86 16 208 85 85 84 198 45 127 52 121 68 93 103 112 68 68 76 68 39 128 85 85 52 60 52 121 45 68 
4450 52 102 93 101 244 86 102 44 216 76 59 67 85 76 111 60 59 99 52 129 59 67 76 94 93 128 76 111 67 85 93 67 52 60 129 76 52 85 93 102 82 75 32 128 111 85 67 44 94 234 93 126 44 76 102 84 84 68 198 67 111 89 102 101 101 94 76 85 84 67 129 59 50 67 208 85 59 52 84 102 93 101 85 117 32 102 86 85 84 198 68 101 84 26 64 121 84 102 112 119 
4500 85 94 119 111 59 104 120 93 85 39 111 94 67 129 67 67 108 67 190 198 85 190 129 135 32 101 68 111 111 208 60 85 52 102 50 120 67 76 93 120 67 33 103 120 102 76 101 52 101 32 101 85 84 32 111 59 120 90 76 44 112 110 76 44 68 130 102 59 202 52 112 190 120 128 68 94 77 117 102 38 68 110 76 52 38 122 119 45 76 130 106 101 101 52 121 102 93 112 128 52 
4550 61 96 120 77 112 85 76 111 95 67 95 85 99 76 129 32 189 85 111 102 128 82 60 76 122 68 112 95 77 76 52 241 85 85 129 93 129 199 77 85 59 206 68 111 130 111 94 111 77 68 197 104 77 76 78 67 61 77 44 105 130 45 62 53 121 68 45 68 198 95 52 112 199 102 101 60 60 209 77 122 102 117 68 85 121 94 77 113 121 45 61 102 73 68 123 67 68 77 75 128 
4600 68 93 45 131 110 106 111 21 76 77 194 75 99 197 72 33 126 60 85 115 86 68 32 86 130 86 115 122 98 77 94 53 104 77 103 52 98 87 127 108 99 52 94 114 68 76 79 85 52 48 92 21 69 52 117 110 130 113 112 94 90 68 212 109 107 89 115 77 133 91 57 76 108 52 93 111 128 40 45 95 103 93 84 129 67 124 61 199 76 77 98 215 122 74 76 86 93 53 64 76 
4650 52 121 76 111 48 200 76 93 120 199 102 60 101 93 111 76 228 44 60 111 111 79 96 109 102 60 103 120 44 77 120 76 94 269 69 76 236 61 113 60 60 104 120 76 110 111 77 86 95 60 76 86 236 67 77 68 47 122 61 95 60 52 86 122 84 85 104 61 77 94 193 76 103 68 107 87 38 212 113 76 103 76 77 86 142 76 75 77 95 244 52 93 128 99 85 38 234 69 45 60 
4700 121 111 93 129 76 68 52 198 67 52 44 52 102 59 111 44 39 111 112 93 85 208 112 67 44 76 38 93 101 52 190 111 102 120 190 52 76 134 219 191 245 27 191 68 51 130 111 61 102 69 218 62 80 129 85 77 103 27 60 60 45 122 102 94 85 214 130 45 60 86 68 95 67 111 210 93 61 73 42 235 63 59 152 63 104 91 146 89 213 60 113 72 46 140 118 133 215 259 58 74 
4750 39 85 38 76 76 59 120 76 215 128 120 119 84 67 59 76 52 84 42 84 67 52 102 67 76 76 94 102 76 76 101 106 69 101 76 44 121 85 103 202 125 45 96 45 95 44 95 75 60 71 61 53 77 203 103 222 88 82 114 194 86 111 101 53 95 103 90 80 61 85 105 159 104 77 69 67 60 60 121 60 200 39 68 66 67 77 95 95 94 33 78 70 77 106 54 69 108 87 200 122 
4800 85 52 76 102 251 68 101 119 67 190 60 110 81 50 121 76 217 128 120 111 76 44 116 85 234 44 95 52 52 190 60 102 137 94 85 45 84 60 190 41 143 197 102 199 102 39 102 61 68 77 102 215 121 199 77 190 39 61 75 120 74 120 33 129 187 198 68 45 151 75 99 68 71 78 86 78 68 32 94 68 38 87 131 137 170 73 99 95 269 88 96 46 120 69 121 130 124 121 97 258 
4850 53 135 59 190 102 120 191 76 33 68 119 76 208 32 76 120 200 93 251 122 131 95 45 78 60 86 95 87 77 78 217 192 103 244 130 118 87 113 68 134 102 128 103 60 122 90 59 60 94 246 103 86 53 69 130 206 113 101 52 86 102 60 77 27 223 95 200 61 135 67 144 66 76 95 111 21 95 45 53 86 123 87 150 145 313 147 57 122 122 200 68 33 86 61 105 94 53 76 131 77 
4900 100 121 94 111 87 122 94 106 114 95 232 59 87 86 104 96 59 58 89 61 87 100 66 149 80 63 68 131 122 53 220 84 124 118 133 134 93 103 78 69 53 104 94 104 102 111 94 210 53 104 132 78 267 104 109 111 61 102 77 86 87 112 121 32 86 136 111 77 53 94 85 76 39 68 53 76 122 108 103 39 95 86 32 85 60 202 68 45 86 60 112 94 53 86 100 82 110 128 179 141 
4950 33 199 256 103 60 107 142 80 244 121 139 117 140 104 94 181 152 194 194 136 125 251 81 236 195 71 105 65 146 102 111 228 161 117 73 45 211 107 80 138 40 106 61 56 106 193 106 98 114 173 191 121 96 246 99 79 145 97 72 51 117 193 127 201 70 106 135 117 90 107 90 127 108 90 107 119 98 107 57 200 108 107 100 107 118 15 71 106 134 126 96 72 80 114 117 125 115 198 106 70 
5000 39 278 70 140 81 60 126 113 33 240 103 228 101 108 125 99 143 138 209 90 208 106 246 146 230 137 251 119 89 136 119 45 205 92 127 199 218 194 89 97 201 72 115 106 115 110 133 98 192 96 97 90 253 116 117 80 91 115 91 115 96 116 52 117 51 209 133 64 203 122 57 90 100 134 57 56 91 97 107 116 145 244 64 80 133 203 238 203 192 204 218 90 243 71 192 209 126 105 70 210 
5050 46 82 167 55 117 108 225 73 92 80 154 123 72 304 162 46 99 109 68 87 40 91 45 81 107 268 148 91 71 91 134 117 91 193 50 81 63 108 116 90 52 142 187 41 116 56 63 129 99 137 104 263 123 130 94 155 78 98 127 66 80 80 56 57 125 105 99 39 71 99 80 80 82 90 46 80 204 107 79 96 63 117 40 62 116 81 116 89 112 117 98 51 230 90 124 57 71 79 81 71 
5100 148 82 117 64 70 113 108 172 92 70 86 276 275 65 115 80 107 52 90 97 92 207 72 105 81 89 106 127 62 97 116 51 91 52 126 118 194 80 58 81 71 52 198 45 117 97 45 71 90 80 62 71 89 98 51 106 106 57 57 64 55 92 106 106 203 106 90 229 55 98 62 71 55 97 90 115 71 244 116 91 55 99 71 107 144 149 203 79 124 125 71 56 64 97 89 220 210 228 81 247 
5150 71 72 151 105 93 107 126 211 80 76 78 54 203 205 87 76 95 230 84 123 128 111 53 39 130 77 68 86 103 74 85 120 45 190 61 120 86 60 236 95 218 120 59 68 94 190 94 66 77 249 192 45 120 52 123 97 103 129 77 103 113 60 39 96 60 77 205 130 189 45 98 113 62 213 110 86 60 104 102 85 60 102 94 122 127 210 85 76 69 61 11 61 227 96 84 69 193 103 94 120 
5200 98 126 96 70 72 51 129 134 58 64 33 209 51 56 92 99 91 62 135 80 62 71 107 96 97 71 106 98 70 112 79 126 80 134 63 72 40 192 80 133 134 117 56 80 52 45 91 51 80 135 80 71 71 192 63 80 107 62 62 107 136 97 122 111 110 111 103 60 199 77 92 16 52 45 94 60 45 94 120 59 121 39 224 130 103 120 68 104 135 65 80 134 98 44 133 90 113 100 76 94 
5250 78 217 78 67 60 32 60 86 77 103 117 123 60 94 157 104 61 102 33 53 95 203 61 112 95 112 111 112 77 112 84 120 52 113 45 69 86 77 68 60 86 93 60 61 94 113 68 86 68 77 95 77 68 68 68 75 86 60 114 52 45 102 131 85 88 293 68 53 68 200 77 69 60 86 121 94 106 220 85 86 45 103 112 128 21 127 119 110 90 63 193 56 127 71 63 75 80 113 57 57 
5300 109 114 130 202 79 138 80 55 80 78 213 212 83 217 211 122 236 113 109 199 255 104 208 121 118 106 70 273 95 112 227 218 112 236 52 236 69 129 16 68 61 45 201 27 39 241 91 63 62 224 104 76 217 94 121 103 229 126 198 134 108 97 40 117 63 220 81 71 51 192 107 216 240 202 277 229 133 68 45 60 116 71 229 209 134 77 104 84 136 27 69 192 69 113 53 115 240 224 228 97 
5350 91 81 211 222 97 80 121 80 117 63 135 97 97 117 80 51 113 134 134 90 90 91 116 212 200 71 126 198 225 71 90 57 134 62 51 106 208 170 107 90 135 217 98 123 75 98 161 81 220 68 78 128 94 103 96 69 54 45 95 109 112 86 95 111 77 112 130 130 138 111 191 112 67 103 94 77 209 145 85 77 77 27 112 77 86 102 94 84 112 67 86 60 103 121 86 86 78 112 135 77 
5400 131 192 243 143 126 97 199 71 125 115 125 108 64 290 95 203 23 107 134 135 207 194 106 116 97 71 90 125 90 71 127 199 288 72 117 39 57 71 126 97 123 225 71 108 48 118 81 221 80 135 93 192 137 33 199 115 193 45 120 106 153 227 72 88 57 89 207 71 70 132 80 71 97 126 199 203 97 76 218 200 68 199 86 112 90 61 53 68 76 60 121 218 114 76 68 296 59 191 76 191 
5450 109 56 80 80 62 116 40 51 84 206 62 80 239 204 106 212 133 73 126 95 96 131 120 82 167 147 166 92 101 135 133 133 62 56 79 210 140 207 108 135 90 71 135 107 225 162 64 117 80 91 56 81 99 33 102 81 205 33 116 108 56 72 247 102 209 75 82 106 80 51 106 71 92 104 122 232 83 143 64 132 85 131 222 217 141 150 135 145 78 96 209 53 16 121 202 240 47 115 95 200 
5500 71 63 106 53 99 82 63 55 104 91 125 106 126 100 143 71 100 169 105 63 91 102 77 61 77 103 61 60 86 52 200 61 111 121 95 86 120 94 113 85 78 33 94 195 82 95 69 77 112 123 98 125 22 124 71 110 55 85 32 96 78 68 103 68 68 88 104 112 203 119 97 103 77 52 82 61 113 122 21 103 86 61 77 32 192 44 120 60 77 68 111 94 121 114 39 95 95 91 94 77 
5550 114 91 127 97 126 45 157 223 156 64 100 72 99 118 100 200 251 68 39 95 60 61 96 128 86 103 53 112 102 85 68 53 113 86 102 192 123 100 53 103 84 103 199 102 68 102 85 73 45 104 112 121 67 86 45 86 60 77 112 66 103 93 191 52 77 8 86 52 77 67 123 84 103 111 85 111 69 68 67 191 61 128 76 67 129 112 121 76 52 87 85 223 192 60 53 86 52 86 129 103 
5600 117 96 56 80 55 39 133 80 217 50 125 80 50 80 134 98 108 80 202 121 94 52 86 112 78 94 130 68 235 95 94 68 67 208 201 74 131 208 190 121 112 78 45 33 39 52 191 95 129 189 129 102 53 128 209 129 77 45 67 129 129 140 45 45 190 77 86 67 200 76 26 76 207 86 190 208 218 95 109 60 59 101 121 60 68 60 38 86 129 38 60 45 215 68 52 67 111 102 111 53 
5650 64 63 97 62 133 125 259 215 235 207 97 207 80 93 125 125 81 209 97 209 62 97 133 57 200 116 206 89 56 107 191 57 257 198 91 199 198 45 270 134 80 64 46 225 116 212 211 191 265 244 236 76 85 69 112 216 86 208 95 226 77 111 102 129 121 218 130 112 216 94 130 104 199 68 226 121 92 199 60 44 68 103 52 190 120 68 50 199 271 190 191 54 134 93 93 76 45 94 95 101 
5700 220 220 96 51 106 134 96 72 98 123 97 70 70 192 40 217 62 126 71 115 199 106 207 116 90 56 88 237 85 93 111 69 128 130 33 93 60 94 229 86 8 200 191 108 200 254 77 228 128 120 93 121 76 120 68 120 76 102 77 69 66 131 271 84 102 77 94 32 54 68 39 127 87 193 85 53 94 113 45 121 117 120 119 102 190 198 60 77 116 191 85 111 95 199 102 240 94 67 78 64 
5750 134 45 146 97 192 211 220 89 247 96 80 115 89 88 40 62 98 98 217 63 90 98 46 90 192 72 72 132 191 115 251 221 81 207 116 235 134 91 97 134 220 56 134 115 203 40 71 106 207 71 198 202 57 133 51 63 91 220 32 103 123 112 208 94 86 109 101 122 101 129 76 210 60 94 108 77 75 85 93 200 130 217 60 120 61 236 40 192 53 94 102 196 21 207 122 59 190 208 110 122 
5800 247 128 51 125 213 209 244 90 199 116 116 201 132 106 80 79 78 90 63 212 200 107 99 210 194 100 165 212 209 33 26 191 209 207 129 60 244 121 219 112 127 119 95 190 104 235 113 21 117 228 138 112 130 44 191 127 130 226 76 200 130 87 94 91 46 45 112 208 111 111 39 77 190 227 129 210 128 188 192 77 198 217 122 209 85 197 191 120 120 235 60 21 157 208 217 111 77 120 102 128 
5850 51 212 56 116 106 141 45 40 98 211 70 125 204 136 107 132 186 80 80 80 71 191 100 209 95 129 76 113 94 76 103 111 54 236 86 191 95 94 52 206 77 123 104 61 120 208 93 121 218 68 86 120 76 60 96 77 223 200 76 69 95 112 103 244 91 61 95 53 60 86 93 262 85 60 68 92 130 45 191 76 95 67 102 76 94 85 122 216 119 85 26 208 52 111 119 102 102 111 111 85 
5900 91 85 129 44 199 77 103 102 102 32 92 60 85 52 86 94 32 113 111 76 121 45 74 103 112 60 128 77 112 86 85 86 26 77 122 95 45 78 103 112 85 112 61 78 103 103 59 85 77 94 68 93 86 102 59 95 45 22 119 85 103 76 122 85 86 52 191 77 125 112 96 45 112 112 94 103 85 102 69 112 95 77 120 112 85 129 85 68 102 228 121 101 192 68 85 76 99 52 94 102 
5950 112 119 94 76 76 102 76 67 93 129 52 93 45 107 191 121 129 45 60 68 102 113 141 52 95 103 129 53 86 76 95 103 76 232 166 137 81 112 53 201 147 189 103 78 79 99 69 92 53 33 87 104 60 95 94 61 53 86 68 102 85 86 104 114 127 42 99 65 131 123 57 126 64 150 63 90 101 106 126 69 98 104 99 12 129 134 104 86 83 96 107 95 38 94 105 205 116 61 106 122 
6000 56 117 217 130 210 222 111 120 177 136 217 101 108 202 93 111 103 103 52 220 86 223 101 122 95 126 103 145 136 111 52 59 87 46 218 95 130 104 112 113 244 141 113 82 50 132 53 127 71 83 121 112 61 192 193 95 219 133 112 216 112 77 199 78 81 108 110 76 206 86 69 74 168 78 86 60 78 203 97 94 45 68 115 205 201 112 94 196 190 137 102 78 138 203 170 113 151 61 130 122 
6050 97 51 116 99 96 80 127 90 33 96 90 89 51 45 108 99 94 191 27 93 61 93 39 78 69 113 83 122 113 95 191 103 85 60 103 118 95 87 39 85 130 94 68 103 191 27 125 39 60 96 94 200 237 68 104 130 94 69 52 85 111 190 60 77 76 100 94 86 191 61 86 192 44 94 69 109 103 45 86 112 45 102 61 86 121 103 126 103 102 69 130 85 59 86 102 111 84 60 67 68 
6100 97 71 125 220 115 63 96 123 89 63 97 125 96 80 98 106 80 142 134 51 127 119 219 71 80 101 98 249 105 105 116 203 142 233 80 118 99 81 91 52 107 212 125 195 80 239 203 104 113 46 122 103 129 45 122 77 94 118 210 94 130 104 53 95 61 112 100 60 121 111 102 111 86 68 94 214 112 59 131 200 192 200 100 106 52 112 39 94 121 200 69 114 61 215 128 237 52 32 95 76 
6150 199 112 111 129 53 261 129 129 189 188 201 67 215 103 130 130 69 275 87 202 61 121 86 60 102 77 87 52 96 105 218 103 200 122 111 131 81 192 77 21 201 77 103 69 53 112 196 103 219 68 129 215 198 121 201 208 77 104 94 87 94 77 33 94 114 112 94 95 95 260 68 68 86 94 191 77 122 218 205 86 103 129 103 52 68 67 129 82 128 53 199 52 200 39 86 69 121 39 67 130 
6200 89 79 51 71 57 97 127 100 76 134 68 130 87 112 112 94 60 74 86 77 53 112 60 112 77 39 39 208 127 68 86 86 95 40 85 120 45 79 77 77 53 33 77 45 130 112 121 94 52 86 94 113 92 103 192 86 112 122 76 102 60 196 61 86 86 102 61 77 120 68 119 111 87 112 103 94 140 120 59 76 238 103 191 95 94 77 86 68 76 103 82 103 77 121 68 86 46 60 95 94 
6250 71 108 106 86 62 56 135 80 128 122 87 69 191 61 121 210 113 96 113 96 86 40 61 78 68 123 77 102 112 53 76 27 104 112 120 87 95 103 131 39 27 131 68 143 190 86 85 113 49 128 95 86 94 85 33 77 112 67 93 109 129 87 77 123 102 61 209 113 91 102 85 102 85 131 121 112 130 87 45 53 112 112 21 86 103 78 39 86 95 122 73 93 86 120 94 76 76 86 130 45 
6300 56 80 91 118 40 63 132 85 53 77 247 86 192 96 243 129 77 279 45 69 113 206 226 103 54 121 44 60 120 249 192 208 219 191 117 103 60 122 26 206 262 69 121 74 95 288 287 103 224 113 60 190 270 264 97 16 22 111 33 103 95 192 76 77 102 339 245 86 103 191 279 95 128 103 85 33 112 53 46 45 77 83 45 121 219 227 103 236 58 297 287 97 244 103 93 53 209 191 86 77 
6350 147 82 137 120 127 193 82 241 90 57 98 95 113 39 131 87 122 237 244 83 57 92 225 162 202 56 179 117 109 212 113 209 133 122 224 179 131 86 103 137 69 241 269 99 69 203 226 114 77 251 125 187 143 221 94 127 221 98 51 218 46 224 65 206 107 71 85 117 57 69 121 105 118 115 46 91 98 168 125 118 106 80 52 107 92 127 80 235 188 184 119 208 52 62 262 109 117 199 136 88 
6400 96 39 53 73 136 92 208 109 119 46 115 110 99 81 130 262 239 109 69 111 94 238 98 126 57 124 77 78 77 103 77 202 98 113 213 123 110 110 237 114 61 95 113 67 68 202 69 201 94 95 98 39 60 94 77 112 87 69 201 190 92 191 59 61 68 68 95 103 39 208 202 69 192 77 290 91 93 110 121 86 95 53 94 112 52 94 32 52 86 232 130 130 87 84 94 129 120 207 217 68 
6450 193 97 71 116 115 89 126 72 90 106 116 192 90 126 72 223 72 71 80 202 123 137 228 227 95 114 109 77 156 210 52 135 125 118 91 97 56 122 107 126 125 80 200 212 114 237 202 80 80 220 131 127 117 96 144 121 85 111 279 238 217 199 103 137 78 96 141 80 133 208 191 72 95 122 115 53 255 217 138 112 198 112 122 68 112 200 105 191 46 192 198 85 242 27 219 121 94 112 110 210 
6500 119 126 65 135 140 218 126 228 45 146 192 90 218 107 198 217 218 228 228 188 157 80 192 210 84 126 135 131 113 191 122 222 225 247 145 134 107 63 134 207 192 202 97 236 107 90 82 126 105 86 85 94 130 76 200 137 229 191 86 200 190 225 199 227 190 215 272 253 53 129 218 240 209 216 69 198 93 95 190 21 121 238 121 104 226 94 209 129 266 200 71 124 56 71 125 198 51 99 92 154 
6550 107 70 247 201 81 53 193 122 220 85 77 129 61 76 77 86 77 78 127 228 111 76 129 69 66 141 124 85 69 78 121 64 112 86 86 39 60 102 85 210 68 130 60 210 129 200 104 86 61 190 113 199 77 244 209 95 60 208 94 121 99 124 60 106 124 116 97 71 52 68 88 47 55 118 85 29 161 99 96 91 206 113 67 105 130 128 130 188 93 73 60 164 134 204 46 112 287 103 119 130 
6600 128 238 133 193 116 45 62 91 210 221 64 39 136 97 67 121 343 239 115 205 97 313 126 39 60 79 228 194 57 118 193 100 80 107 220 115 142 87 136 82 161 146 134 81 117 89 45 225 57 255 213 97 83 107 90 198 190 203 91 193 208 120 106 143 54 100 114 283 221 45 63 192 97 107 157 91 212 98 56 79 80 62 71 255 92 126 127 136 147 259 217 62 221 117 133 57 80 106 133 51 
6650 117 107 80 191 114 63 80 56 127 133 114 105 52 81 80 70 71 107 116 39 89 72 137 90 89 64 79 51 126 70 125 97 304 90 135 117 106 70 81 326 106 71 107 98 96 116 108 97 90 98 52 63 23 62 88 98 107 62 96 124 80 245 86 60 76 95 86 201 60 205 130 104 129 133 200 129 78 194 95 112 94 201 130 86 85 79 103 102 128 77 56 98 149 147 113 53 112 39 111 130 
6700 72 52 57 45 95 214 187 180 260 252 186 171 226 197 104 235 306 185 219 206 239 170 180 103 152 134 126 60 87 80 76 108 80 206 108 131 142 99 63 132 106 111 54 103 86 61 95 77 182 122 142 40 119 89 97 81 100 143 168 336 228 217 220 264 161 150 96 113 193 130 119 79 104 45 69 111 122 130 53 102 68 108 45 68 94 77 104 46 95 76 76 112 121 63 106 61 88 77 68 219 
6750 232 53 53 78 232 95 191 52 53 45 92 60 102 112 111 111 86 112 53 67 159 60 129 130 94 103 112 86 68 77 137 186 262 196 221 361 273 123 107 90 100 91 114 73 193 97 52 107 39 71 58 213 195 81 212 97 107 217 151 115 230 77 52 201 77 103 95 77 52 103 103 39 77 361 400 184 224 119 243 176 110 80 177 89 112 131 136 121 161 192 150 242 258 228 400 170 205 153 142 151 
6800 89 63 183 117 56 116 79 118 63 91 107 39 80 107 80 261 90 123 63 98 90 70 130 157 183 161 190 221 221 433 210 126 89 264 130 111 168 90 89 177 182 258 121 70 104 86 78 105 78 62 77 129 133 95 53 87 53 94 105 220 93 102 78 78 112 95 219 60 77 88 112 199 111 95 111 95 32 104 78 61 122 100 154 143 52 77 112 60 104 40 217 61 53 199 69 199 39 67 21 235 
6850 77 91 44 86 95 76 94 168 94 94 121 68 94 85 45 60 119 60 95 102 68 96 103 253 102 76 68 122 94 52 104 122 39 191 103 100 72 77 122 53 95 60 77 77 200 146 95 94 68 201 112 200 86 32 76 85 85 68 69 95 94 94 95 104 86 113 192 86 68 122 132 122 130 76 105 64 56 72 63 109 104 88 86 68 113 68 138 144 71 77 121 102 77 86 52 69 77 97 69 104 
6900 112 111 78 130 112 200 104 120 218 130 193 76 208 96 86 77 94 52 121 98 68 192 39 38 76 200 95 68 288 192 95 85 103 111 129 200 32 187 86 86 201 112 86 68 91 147 145 96 129 201 44 94 53 117 45 53 204 145 125 27 207 201 93 191 112 112 111 77 200 196 130 129 69 104 113 235 78 68 113 247 96 52 112 95 52 222 61 111 129 217 77 130 112 200 192 208 215 106 92 95 
6950 69 113 200 228 94 192 121 83 146 94 199 112 191 85 85 88 201 77 85 77 69 200 192 128 76 45 130 45 69 130 218 215 208 39 85 228 200 85 202 227 39 45 94 68 45 112 190 86 47 199 93 129 200 121 76 45 74 95 216 39 45 77 61 130 61 95 128 119 94 129 218 94 191 204 76 87 85 77 104 85 217 218 227 245 94 76 94 191 76 45 112 102 95 16 219 122 228 121 209 235 
7000 113 52 85 131 102 120 93 130 199 111 205 121 67 61 199 121 77 191 60 85 133 77 45 69 77 87 95 85 86 121 85 101 78 120 94 200 39 209 129 137 162 152 231 209 94 140 61 121 68 52 201 229 201 86 27 128 44 77 95 94 77 129 61 207 69 68 209 200 199 121 103 198 113 123 86 113 78 129 86 131 216 85 128 103 79 60 68 103 61 52 207 86 237 60 121 76 68 112 129 188 
7050 104 200 32 76 130 68 129 121 93 76 68 103 94 102 90 68 85 191 218 69 68 199 94 94 68 39 103 102 128 93 86 94 246 117 142 112 102 103 112 76 39 85 54 122 113 95 68 111 95 104 103 85 109 67 244 112 122 69 61 85 68 121 95 209 77 113 210 39 45 76 103 130 76 21 94 93 60 104 77 122 190 99 60 86 86 94 113 67 120 68 94 208 61 208 86 39 103 112 201 94 
7100 93 107 93 198 44 112 67 95 235 44 206 85 190 86 85 103 85 84 103 65 102 94 44 101 128 94 94 86 69 76 109 190 114 94 94 102 121 94 119 121 68 121 38 77 68 52 60 112 130 103 131 199 85 60 60 102 235 122 94 86 103 112 103 86 209 121 53 96 87 209 104 86 60 122 235 104 86 94 200 85 94 112 103 102 102 123 53 86 190 120 129 86 69 77 133 125 115 191 91 126 
7150 133 94 93 217 111 190 216 216 129 52 208 199 199 76 76 68 121 191 103 86 111 209 102 69 85 191 85 112 191 143 200 191 191 53 228 130 86 234 112 217 94 53 102 76 235 208 130 187 85 219 96 112 76 77 120 119 95 220 191 121 112 60 95 120 60 86 85 87 26 201 200 68 68 60 69 94 76 108 111 111 226 77 102 102 77 129 140 121 97 94 68 102 151 52 111 129 198 76 208 113 
7200 95 102 210 190 128 39 209 129 224 94 112 77 110 94 212 39 112 257 194 94 103 112 203 203 111 123 112 130 93 121 120 78 128 133 261 203 125 116 109 106 198 203 44 117 71 134 226 203 107 57 56 203 134 99 96 122 104 190 112 192 207 130 188 187 129 121 112 244 208 130 199 102 94 126 191 191 120 120 199 270 122 104 121 130 129 198 203 190 190 279 191 121 208 200 77 122 67 61 61 207 
7250 102 199 199 210 102 102 60 122 67 61 111 94 120 73 26 68 67 120 52 95 61 94 190 217 61 66 73 113 105 269 78 103 68 51 54 103 192 45 132 188 94 86 143 104 45 112 104 113 121 103 129 85 83 86 86 103 85 95 61 132 68 95 86 100 121 68 200 86 120 113 52 45 102 200 68 76 60 53 191 94 85 218 93 52 86 85 59 94 85 129 103 129 91 229 102 140 69 190 59 94 
7300 394 304 250 313 171 133 303 350 169 131 23 117 218 290 236 39 72 182 217 126 40 213 258 122 201 264 247 61 104 53 87 76 218 122 87 89 27 68 130 247 121 192 343 264 252 199 94 49 271 53 78 289 247 283 299 270 104 258 298 238 46 86 112 308 272 263 297 94 227 198 121 86 224 308 95 130 252 157 128 250 258 40 72 65 99 83 192 246 208 130 270 71 107 80 39 116 245 394 141 246 
7350 96 136 40 205 95 45 112 104 53 113 202 122 69 130 85 61 113 85 95 112 84 32 87 69 114 227 111 60 122 103 221 39 120 102 66 95 104 112 60 77 86 95 86 122 80 130 99 138 31 299 135 285 308 230 130 159 243 160 140 138 148 258 140 88 293 252 195 177 443 201 150 90 164 91 337 200 134 167 132 352 44 31 184 165 95 116 143 110 193 53 105 210 103 221 122 45 113 87 61 104 
7400 87 123 54 123 20 116 71 124 87 115 123 233 306 118 85 131 360 126 116 80 90 120 65 291 134 82 137 115 126 45 118 100 144 147 105 171 121 82 159 136 146 139 124 73 72 108 33 107 141 135 99 118 116 93 96 140 69 343 91 117 134 117 244 71 108 80 133 108 57 136 52 110 52 63 100 73 57 107 82 78 100 90 52 72 71 194 102 100 118 71 107 80 80 135 134 63 89 97 117 56 
7450 124 189 386 115 217 294 214 100 84 174 250 73 89 86 137 226 196 28 63 94 106 101 177 71 65 72 202 104 62 81 91 117 236 127 117 118 116 134 71 208 86 209 85 68 86 60 78 86 85 38 61 209 129 129 67 68 120 121 123 112 68 130 112 94 209 95 130 102 245 94 77 85 85 94 76 83 269 121 88 135 225 195 207 100 114 163 161 157 99 182 328 122 154 88 218 99 109 129 118 202 
7500 224 200 198 125 73 92 133 90 116 90 34 106 136 57 104 86 150 253 224 60 228 94 335 57 234 195 147 91 268 371 185 191 274 134 210 119 285 99 232 224 246 109 196 233 123 97 123 112 111 87 131 215 70 194 109 203 213 97 135 109 72 211 116 193 199 201 204 67 130 229 238 120 77 244 272 129 95 199 200 105 61 191 67 69 95 68 69 104 111 130 218 45 129 200 130 86 53 198 103 86 
7550 117 232 90 73 298 302 80 221 40 108 106 45 81 45 51 130 69 63 63 265 107 228 81 90 75 126 117 81 98 81 222 65 283 107 80 134 63 63 80 79 297 274 121 316 85 39 77 243 207 94 53 236 69 95 66 200 122 60 112 209 341 134 100 423 81 206 135 118 354 220 124 151 180 357 244 150 76 245 228 117 118 134 293 119 287 483 119 278 135 92 130 137 267 62 217 211 70 263 201 123 
7600 412 273 192 220 197 72 213 156 317 159 247 123 183 97 179 112 253 388 467 246 291 129 124 170 207 268 126 81 200 206 108 213 125 90 99 98 246 247 225 220 91 107 226 116 218 211 56 246 202 89 98 106 115 57 41 208 192 216 232 98 207 198 117 133 243 90 131 229 144 180 127 297 385 164 309 252 128 84 421 164 128 63 187 146 74 93 270 269 99 52 159 153 128 132 235 100 239 111 247 320 
7650 76 66 74 194 86 81 115 46 124 216 272 279 116 127 72 98 63 63 277 156 108 216 134 128 81 134 104 118 91 106 70 127 310 89 72 72 135 90 107 51 134 63 80 126 83 337 125 71 277 144 97 116 80 117 134 91 338 133 106 51 44 260 259 133 64 61 255 125 51 116 106 106 132 81 62 125 209 107 278 90 103 45 103 103 86 76 45 294 90 62 99 79 116 116 92 45 88 61 223 215 
7700 90 71 106 225 212 111 110 253 77 77 60 77 124 238 87 121 208 112 61 112 108 67 94 218 68 53 33 103 112 76 198 76 27 104 77 191 94 94 278 98 220 83 54 122 92 105 218 87 86 209 191 61 39 114 96 102 103 230 69 61 104 68 263 88 68 200 61 104 86 192 61 129 79 121 53 193 60 69 129 103 261 103 112 121 103 86 77 45 77 52 77 89 60 120 240 106 116 97 90 64 
7750 96 107 222 68 150 231 149 108 107 126 68 194 209 210 95 60 76 145 93 121 95 46 86 209 69 113 124 209 219 94 218 111 131 191 60 129 120 112 122 207 131 130 110 111 112 229 128 138 123 191 77 68 102 190 85 120 95 94 121 199 93 112 94 213 85 61 122 211 218 204 210 67 113 190 33 200 44 206 86 85 199 128 76 236 219 32 112 86 208 103 131 128 26 120 117 104 121 112 120 21 
7800 268 68 77 60 120 146 77 114 85 192 94 77 85 68 85 123 103 85 130 218 68 129 213 112 94 102 85 94 85 53 93 192 143 111 208 94 76 129 94 85 198 191 86 85 68 236 68 112 243 104 60 190 121 93 120 102 73 102 191 120 120 45 86 52 277 122 77 219 121 191 129 69 85 111 281 91 241 150 242 72 65 63 113 106 71 209 231 135 139 60 95 128 209 104 120 206 212 87 119 103 
7850 83 56 238 117 79 62 108 138 218 118 107 80 117 97 135 72 143 120 130 201 85 86 45 95 210 76 219 93 60 52 86 228 88 97 131 95 112 193 129 111 60 223 110 45 120 200 93 68 68 95 139 120 61 53 95 68 69 61 94 78 196 139 179 71 192 108 130 117 117 85 77 104 191 103 86 39 122 77 114 237 69 112 218 105 118 115 112 148 59 226 112 103 112 245 216 122 108 118 80 107 
7900 91 108 84 86 208 85 102 129 130 94 78 86 86 60 130 96 69 39 103 113 121 26 220 103 130 188 95 77 112 53 204 67 68 76 111 111 95 122 68 60 87 123 52 130 188 68 130 275 118 206 77 91 74 212 91 247 77 131 111 68 122 68 103 227 85 131 199 116 120 244 66 103 61 60 221 210 220 53 111 211 85 94 96 131 208 85 151 121 199 129 69 238 74 109 96 52 86 137 130 86 
7950 87 194 241 77 122 95 121 46 121 85 61 124 95 69 104 94 121 77 94 208 146 95 112 110 67 95 191 104 102 138 86 209 113 103 220 176 92 221 128 122 150 272 91 113 109 147 129 258 439 81 129 79 116 98 66 266 268 219 68 10 266 261 116 260 90 123 99 145 80 65 112 116 135 91 221 148 119 117 90 196 98 98 72 117 113 85 53 112 78 85 192 122 53 82 122 120 228 77 228 87 
8000 107 106 196 94 196 86 111 205 212 121 95 95 193 193 78 211 86 94 120 261 112 113 78 207 95 221 204 122 129 124 87 68 33 47 119 147 252 180 87 285 335 127 146 289 287 131 320 285 253 83 167 308 167 102 271 324 289 114 104 78 211 86 46 135 112 86 39 53 77 129 33 21 237 105 76 76 95 236 59 121 229 237 153 77 116 275 108 155 197 157 108 118 83 189 247 72 99 42 82 108 
8050 191 222 125 80 102 106 106 96 219 193 125 245 81 69 112 97 117 98 80 100 180 152 224 112 45 136 148 82 292 130 122 349 192 345 128 106 192 307 133 140 260 73 132 228 109 41 71 156 154 117 225 126 136 205 52 118 203 97 234 119 96 82 117 72 132 51 125 222 194 135 64 108 106 126 132 195 193 57 194 119 106 100 107 134 97 127 99 80 83 81 125 89 278 99 90 99 108 205 80 108 
8100 276 101 78 118 124 89 198 57 205 323 81 93 53 26 103 60 45 209 95 85 77 209 59 219 142 60 201 191 52 130 113 112 121 219 45 121 209 192 95 214 69 209 199 247 77 88 220 116 72 135 147 61 253 226 86 103 96 60 199 256 78 234 102 130 39 94 200 241 192 262 86 102 77 96 121 86 78 76 84 119 117 113 95 126 88 269 109 120 166 341 120 49 122 122 349 125 154 190 185 248 
8150 124 71 211 105 92 227 234 261 64 225 240 114 208 133 97 116 97 170 195 74 168 407 85 380 347 121 118 70 92 109 40 235 52 124 73 266 126 204 99 123 127 69 87 123 68 209 77 130 78 39 96 98 209 77 93 227 68 103 133 212 191 210 93 45 111 130 209 104 245 193 207 103 114 200 45 112 77 38 87 84 250 61 201 111 93 54 129 114 111 120 247 120 87 122 104 206 62 111 122 121 
8200 192 98 63 80 72 107 78 207 122 201 104 111 85 199 39 121 33 76 95 45 217 128 96 191 85 77 226 38 207 76 137 56 203 45 71 89 107 62 29 157 138 103 93 192 246 85 129 60 99 208 103 120 95 210 234 102 219 195 86 76 85 94 87 232 122 113 266 277 150 256 141 103 143 221 149 142 152 157 150 161 189 153 126 140 62 280 104 107 134 265 244 98 172 56 126 211 194 64 117 205 
8250 80 115 105 133 70 219 134 138 83 93 194 70 99 112 102 193 86 66 175 140 146 172 284 142 154 184 42 218 305 333 131 257 108 85 97 107 136 135 41 131 214 57 143 91 117 95 132 99 72 117 57 212 111 91 108 83 109 203 204 135 98 142 136 117 91 99 215 205 98 72 100 16 117 90 73 204 133 124 221 129 130 194 125 70 125 135 57 115 118 71 51 97 80 126 116 197 72 224 96 100 
8300 110 200 51 224 123 122 217 96 113 86 148 204 213 67 104 230 112 122 122 67 121 76 45 68 86 53 129 244 78 76 191 102 111 200 111 241 216 85 87 122 218 129 107 96 105 61 68 76 44 113 85 95 79 121 93 103 67 60 104 120 103 94 77 122 217 93 40 77 103 121 60 86 85 65 210 124 125 238 97 96 86 96 131 106 121 135 232 80 194 264 131 170 62 62 98 68 95 40 70 123 
8350 60 129 16 59 262 111 120 223 134 124 79 70 51 191 79 129 102 76 44 208 287 289 60 120 305 119 252 100 119 138 102 86 192 341 158 74 201 557 280 122 374 255 113 87 124 328 211 226 28 271 220 297 208 121 113 104 85 218 113 71 122 55 103 70 75 102 192 199 110 87 194 209 190 122 67 312 128 67 237 130 78 319 85 94 199 272 199 193 77 61 199 122 96 198 86 85 39 218 289 86 
8400 89 80 108 79 76 213 122 86 95 61 86 94 205 95 52 62 77 124 120 117 233 102 112 95 94 120 77 112 95 120 38 194 112 105 45 86 113 85 123 159 76 121 104 123 190 86 94 76 100 94 77 69 121 85 61 98 117 125 98 97 72 106 191 63 98 125 96 90 77 50 138 122 68 112 86 77 96 95 110 119 68 76 210 76 103 111 123 69 117 121 228 100 109 121 94 110 142 98 45 82 
8450 125 144 128 86 94 67 60 67 121 103 112 119 112 128 102 93 102 76 129 202 110 86 105 76 68 59 129 39 77 95 85 84 113 52 68 60 113 93 121 85 76 114 131 88 67 76 114 147 132 146 127 281 150 186 150 387 128 141 135 110 113 231 233 85 133 117 60 102 55 85 40 130 61 78 103 122 78 122 121 112 103 84 45 131 129 209 123 94 132 136 120 103 52 76 114 116 80 226 104 76 
8500 187 184 134 127 335 146 148 131 217 193 298 145 429 383 392 274 182 140 264 422 226 196 100 105 166 152 46 87 105 115 105 221 69 84 61 77 235 77 130 39 242 397 197 216 123 195 256 247 293 450 146 44 105 201 77 113 62 191 53 239 123 303 55 35 79 162 176 189 468 249 168 221 233 131 192 286 221 218 462 284 70 108 122 72 117 152 120 114 112 132 160 113 127 92 110 116 123 119 89 68 
8550 274 231 270 559 539 136 200 116 124 71 62 138 96 112 113 111 87 97 121 215 78 87 141 130 78 77 53 52 103 298 313 306 361 210 415 217 362 322 280 112 188 165 179 146 73 358 159 497 221 270 282 175 372 275 313 241 142 287 152 165 111 147 275 105 144 86 137 17 295 143 140 128 160 229 157 81 136 72 153 165 89 162 157 118 136 38 220 63 154 82 242 285 168 59 222 160 174 119 153 130 
8600 196 88 132 70 144 209 124 107 163 98 102 181 100 169 230 337 175 121 201 141 195 149 118 308 118 360 388 301 154 90 134 69 107 128 348 109 105 165 118 82 229 137 128 113 254 72 64 92 72 81 97 144 95 69 103 238 86 69 104 94 125 103 86 121 60 94 94 86 236 140 87 69 86 77 111 191 86 104 77 110 77 217 103 122 86 52 69 85 203 68 77 281 266 201 247 125 195 90 219 141 
8650 96 105 94 87 77 53 132 133 135 93 120 68 39 68 76 130 69 130 69 84 77 68 192 134 116 97 125 152 107 146 280 100 163 248 111 81 89 155 133 154 207 118 92 117 136 213 155 231 312 246 186 215 241 279 139 399 195 320 250 132 121 116 166 147 115 171 105 219 207 188 179 200 202 233 121 81 178 253 189 112 167 206 157 195 290 114 69 156 138 136 74 86 101 76 148 94 105 273 162 57 
8700 248 184 423 226 113 234 193 140 226 221 196 262 193 82 76 114 118 300 259 91 177 221 191 155 106 167 355 142 102 220 147 371 232 181 196 294 187 276 282 369 180 202 157 126 274 161 141 152 180 181 102 265 182 278 259 161 271 292 121 128 134 110 156 219 262 160 127 201 219 110 198 105 145 350 93 110 159 246 318 185 164 169 124 281 320 345 136 289 308 92 144 223 239 374 154 135 247 192 421 139 
8750 68 193 107 130 201 294 348 262 328 161 186 245 77 308 215 292 303 371 218 284 128 155 201 318 167 226 187 176 186 132 328 383 132 88 323 316 112 255 320 115 116 127 166 43 280 153 150 105 162 162 148 259 172 128 111 92 118 296 163 262 265 71 320 195 163 217 106 199 262 129 275 315 182 60 68 144 425 130 218 117 150 100 276 139 166 232 160 129 97 81 108 80 91 136 217 71 82 98 137 293 
8800 102 46 256 142 207 65 98 134 45 125 81 80 260 212 94 99 72 267 204 107 71 207 81 238 230 125 254 116 52 80 199 108 244 21 271 90 221 72 211 236 95 94 130 252 348 223 265 114 147 215 112 327 70 219 218 112 60 190 76 216 401 104 61 114 54 194 95 147 310 274 227 239 279 245 132 86 85 241 89 254 69 200 78 142 209 199 122 218 252 29 238 247 201 124 223 328 61 113 53 217 
8850 132 82 81 148 81 209 80 117 118 195 109 269 317 165 112 119 119 292 224 260 194 255 71 201 361 211 71 104 132 223 61 331 133 115 235 81 117 136 208 211 127 142 135 213 40 71 133 134 143 113 198 246 121 214 136 95 95 95 273 103 128 128 200 112 102 77 87 77 252 86 85 53 95 61 112 94 53 228 68 112 61 200 200 122 52 131 201 111 61 70 103 230 95 94 68 112 34 102 68 211 
8900 90 212 120 51 125 90 85 73 89 91 197 89 120 204 262 58 63 45 194 151 91 90 72 121 117 106 207 82 98 71 81 91 124 139 141 89 91 117 193 107 135 107 106 201 80 51 106 90 98 120 80 207 225 79 135 135 206 44 235 135 97 98 71 125 113 198 91 135 57 92 91 72 127 40 70 120 112 130 112 88 133 80 40 80 141 86 131 130 131 93 61 104 198 102 112 69 207 112 110 122 
8950 60 94 120 119 119 103 101 108 93 128 102 85 93 133 129 94 52 139 188 94 61 86 77 130 93 112 127 103 68 67 94 130 121 211 39 86 132 53 104 86 193 68 86 103 203 52 122 103 194 220 39 45 79 143 121 131 121 130 203 94 104 95 105 196 40 63 88 203 90 116 88 130 60 121 131 111 53 123 53 240 131 129 85 190 191 121 127 16 78 104 112 192 112 44 191 204 130 112 96 85 
9000 60 198 236 216 117 143 128 129 95 32 52 227 233 104 85 118 141 283 116 268 67 200 235 61 145 111 216 238 119 106 58 127 93 211 81 98 220 277 249 118 202 219 118 194 267 134 223 192 126 233 108 91 97 208 215 63 71 137 245 46 97 90 125 212 236 192 209 226 103 202 62 46 238 54 104 128 12 122 205 112 112 94 69 191 86 209 99 226 95 210 124 112 94 33 227 61 192 199 77 190 
9050 194 122 60 119 116 85 111 69 45 16 198 86 217 140 78 76 93 120 32 271 121 267 93 104 85 123 86 85 112 69 122 77 219 229 220 103 86 140 86 78 94 203 121 246 142 39 60 211 113 246 86 104 63 131 102 222 103 102 102 76 103 201 103 95 94 121 77 102 76 68 157 188 111 86 53 77 123 53 69 86 123 111 77 95 39 111 265 120 212 95 235 104 102 192 85 112 95 68 121 121 
9100 87 68 254 113 190 202 45 130 102 112 201 202 139 203 202 203 102 122 76 126 131 189 111 94 220 78 122 97 120 237 112 129 112 220 86 77 104 77 101 32 120 103 60 122 142 220 133 222 83 205 145 103 102 121 207 121 204 148 62 113 77 95 122 67 77 104 120 226 212 129 112 194 77 202 211 219 70 131 94 112 137 84 129 103 77 194 103 112 95 111 112 211 94 95 204 112 21 200 94 131 
9150 62 52 205 193 128 113 207 128 86 95 102 87 78 76 94 103 111 68 123 72 131 219 201 129 32 201 136 67 128 189 130 129 227 118 111 106 121 119 122 77 60 243 54 275 138 91 63 98 213 116 80 240 124 79 196 207 79 98 70 212 71 106 196 45 199 103 76 190 45 191 113 141 218 190 128 253 121 218 103 111 131 76 128 68 53 77 102 223 77 76 61 201 263 197 85 218 52 44 259 86 
9200 114 95 203 104 67 119 27 68 199 53 104 229 227 227 228 120 78 68 211 254 191 87 192 39 191 195 68 68 218 191 68 103 32 242 103 78 191 95 130 198 119 86 16 122 191 103 69 95 62 93 139 104 103 87 68 61 192 254 69 199 121 94 40 78 131 122 69 131 213 236 61 232 111 85 197 263 103 209 86 102 120 85 118 130 60 120 77 103 235 238 199 245 121 191 77 250 60 112 227 190 
9250 71 87 76 228 133 67 159 222 195 99 123 95 120 213 86 211 240 95 69 120 273 5 194 234 238 77 273 246 96 95 203 112 130 203 230 33 194 105 97 257 95 280 69 229 62 203 61 94 86 218 68 220 85 260 86 76 219 220 196 264 201 121 129 61 130 212 77 194 254 103 60 128 40 129 86 210 208 46 115 53 113 77 238 207 218 113 129 94 87 129 121 108 123 85 130 228 208 103 112 129 
9300 129 61 52 229 115 113 121 77 201 130 86 201 68 121 113 130 112 130 264 86 96 103 94 105 86 90 138 83 60 221 106 259 97 178 165 116 255 192 109 147 190 92 64 100 136 223 77 87 61 113 211 211 144 189 112 103 95 111 103 86 135 96 95 219 106 113 53 71 123 107 209 113 259 121 192 142 111 78 192 45 94 191 94 297 112 192 200 53 120 86 142 69 219 53 191 130 188 88 129 95 
9350 103 126 97 108 261 109 122 78 120 86 94 86 52 122 68 117 132 132 86 69 201 134 131 131 228 60 53 102 60 68 218 103 69 67 113 130 68 113 101 315 95 60 190 94 80 130 220 139 122 131 103 78 103 77 68 60 113 85 107 122 121 86 190 102 45 102 94 51 227 85 94 86 112 111 102 200 81 123 192 63 135 152 96 221 125 96 110 97 226 65 286 125 108 69 123 238 291 202 229 112 
9400 111 190 102 77 76 128 201 60 32 121 119 128 128 68 129 59 120 59 68 129 198 111 129 217 128 190 251 102 102 111 119 99 120 218 76 102 91 112 67 52 147 89 129 77 76 111 112 217 102 202 32 122 38 129 53 77 76 95 104 122 112 94 76 113 194 103 130 112 197 201 102 77 191 121 95 206 192 78 46 257 133 145 62 126 62 130 118 217 117 145 86 191 40 94 103 95 94 200 258 94 
9450 228 112 228 103 77 103 199 209 103 94 135 61 238 78 131 282 94 208 94 85 207 94 122 202 63 103 113 177 70 113 265 268 253 227 44 86 112 209 218 201 194 218 110 86 96 228 121 95 44 78 237 111 94 94 69 113 40 113 128 112 135 130 69 191 61 86 112 135 198 118 71 226 98 33 50 215 144 218 262 226 95 238 68 44 68 52 104 263 77 77 235 77 85 198 111 218 122 125 192 119 
9500 102 93 85 120 44 277 132 198 198 111 119 279 108 198 111 198 216 279 110 39 199 68 87 305 216 120 198 77 219 199 227 217 39 102 243 310 270 97 97 101 108 229 52 51 56 277 238 83 323 125 110 108 107 116 118 73 56 128 80 196 227 77 46 226 243 236 96 69 121 113 21 85 208 69 191 272 39 95 337 46 76 61 105 129 210 111 112 67 79 121 68 120 240 69 277 112 130 129 104 315 
9550 60 114 85 39 252 102 85 208 60 129 77 86 45 129 102 85 126 120 60 85 68 94 59 190 55 113 204 76 76 111 76 120 101 199 84 221 76 101 234 128 85 233 193 59 85 60 122 60 209 95 85 198 218 199 93 52 121 112 113 85 77 112 26 191 76 95 85 86 262 53 68 78 68 123 211 60 111 96 122 77 191 60 94 68 227 128 52 77 200 111 86 190 39 61 77 112 94 280 131 67 
9600 78 85 234 190 236 112 59 85 120 68 207 102 119 198 70 102 200 85 81 94 201 103 60 245 85 112 113 233 102 86 129 86 200 112 216 121 77 69 77 113 121 86 84 203 95 86 213 129 97 117 117 202 97 107 71 46 207 91 99 72 39 63 147 98 57 148 97 45 72 101 217 210 108 191 107 91 125 230 103 85 60 111 130 76 102 86 77 85 80 60 60 201 228 78 86 95 258 67 130 77 
9650 76 60 121 39 90 71 67 103 79 235 224 62 215 90 80 116 308 72 76 60 145 60 59 77 130 68 103 123 135 77 32 106 255 128 121 124 113 299 209 130 77 95 130 199 209 245 268 73 215 116 122 191 130 287 112 115 96 199 195 94 112 105 200 165 75 54 45 104 265 220 130 95 220 40 122 95 211 140 113 278 125 77 209 52 136 106 96 96 86 199 79 77 130 208 86 87 61 87 192 211 
9700 122 8 87 131 112 128 121 243 254 217 86 62 103 86 78 69 81 208 104 62 238 209 96 146 86 239 130 96 131 50 107 230 115 290 269 229 130 246 122 86 238 52 118 191 120 103 121 77 120 45 61 201 156 114 212 200 235 63 200 40 91 90 247 98 139 99 89 145 194 212 193 231 40 221 192 228 213 148 33 60 104 296 192 108 228 246 130 201 113 118 27 122 94 143 214 200 256 200 98 88 
9750 293 235 191 49 200 33 190 191 115 63 132 119 113 111 193 141 125 119 120 120 103 94 227 120 129 95 59 120 113 214 101 143 149 200 103 214 60 53 103 145 114 208 119 135 271 106 22 219 53 40 131 52 129 193 115 114 70 95 68 122 203 95 39 114 130 78 86 114 254 40 209 95 103 113 96 86 76 103 114 113 112 46 130 104 94 239 138 199 103 69 93 94 193 129 118 191 104 95 124 192 
9800 85 102 119 101 76 68 85 120 196 67 96 99 56 115 105 105 132 132 254 76 93 130 216 93 92 68 129 111 190 120 111 103 120 195 85 111 129 77 94 45 94 85 126 95 129 234 93 85 67 112 198 111 67 110 111 199 207 120 119 110 129 85 111 130 218 94 124 207 102 33 76 121 59 93 67 102 124 80 259 79 115 80 96 81 143 105 268 112 111 69 60 76 44 103 207 121 103 93 111 252 
9850 130 120 60 102 84 94 39 121 102 119 60 76 76 85 102 79 26 102 67 44 120 211 110 246 209 119 206 111 39 93 102 207 93 227 76 76 121 228 102 198 128 44 102 120 198 60 76 116 32 68 93 101 199 101 111 84 93 115 101 85 111 67 190 226 94 52 107 226 111 102 85 234 52 133 226 198 76 60 111 270 195 228 44 128 252 45 102 76 190 60 85 243 101 111 128 103 52 102 190 111 
9900 68 89 94 27 52 68 67 67 85 129 111 85 85 52 112 52 85 67 129 52 217 102 94 76 100 111 85 207 120 93 93 226 93 76 120 101 199 67 67 85 197 101 111 102 86 120 102 93 268 85 226 111 198 67 85 67 111 89 120 216 67 102 67 60 76 121 118 67 93 190 234 120 111 120 101 85 93 60 216 219 102 119 57 207 60 76 120 198 85 84 111 43 77 102 59 85 68 84 67 190 
9950 129 76 128 226 128 94 59 120 94 200 199 120 198 94 85 128 32 186 185 226 101 207 234 190 67 129 119 67 32 198 76 129 85 243 213 39 102 67 235 128 52 93 93 198 111 59 111 190 120 39 233 199 76 52 52 102 84 111 269 252 76 120 120 120 85 199 241 119 94 199 44 207 111 93 94 76 243 121 199 208 121 111 226 199 76 76 102 59 233 52 227 198 121 68 67 84 245 69 198 39 
10000 53 102 101 76 75 226 87 93 60 76 111 349 190 95 111 128 110 93 67 52 226 195 60 234 243 76 102 190 136 44 207 52 198 190 60 257 52 52 76 67 76 226 102 59 120 124 119 198 52 67 207 190 119 85 110 85 60 129 76 120 190 85 92 190 252 128 93 190 101 384 329 119 129 142 131 94 61 76 67 103 68 86 204 39 112 61 86 279 103 68 67 235 77 86 190 76 113 254 94 198 
